0,278
77,5
77,4
77,3
77,2
0,9
77,1
77,0
76,52
76,51
76,50
76,49
76,48
76,47
76,46
76,45
76,44
76,43
76,42
76,41
76,40
76,39
76,38
76,37
76,36
76,35
11,30
11,28
11,25
11,23
11,17
8,15
8,11
8,5
9,6
4,26
4,17
6,5
7,10
7,8
7,7
17,2
17,1
17,3
15,2
15,1
15,3
16,2
16,1
16,3
13,2
14,2
4,41
4,40
4,16
4,4
4,87
4,14
4,92
4,29
4,22
4,33
4,83
4,1
4,80
4,2
4,3
6,6
6,8
6,7
6,1
6,4
6,2
6,3
7,15
7,12
7,14
7,4
7,11
7,6
7,1
7,16
7,2
7,3
5,4
5,2
5,1
5,3
10,123
10,6
10,70
10,74
10,247
10,174
10,186
10,2
10,3
9,7
9,5
8,4
8,13
8,17
8,16
8,7
8,2
8,3
71,5
71,4
71,3
71,2
71,1
71,0
62,3
62,1
61,3
61,1
60,3
60,1
59,3
59,2
59,1
58,3
58,1
57,3
57,1
56,4
